px=0.02926
py=0.02926
vd=89.0
winsize=2560x1600
ga=1
fz=60
framerate=60
#ViewSonic P255